93656977280
61066879193
77563184563
28676809793
33596233667
00805587172
05038603114
27359426558
20163470449
57021290732
21216705422
90791104905
11270605653
67551071829
74435175709
27359426558
19954190066
49972028982
04695038104
71758848826
23205020465
46721089208
92535257010
98044360881
50019105728
27359426558
45415493005
24048117548
43785321720
41830405184
46400147010
05202609662
15274849694
83163357022
75248509012
27359426558
74700950887
88320364488
99316149803
65599336180
13027663523
07855244619
12034835833
87212522097
02248282409
50782811733
04504180297
49779465608
09713363397
38601687648
